NACA9312
Total points=  300
Number                  xu                  yu                  xl                  yl

  1---  0.0000000000000000  0.0000000000000000  0.0000000000000000  0.0000000000000000
  2---  0.0033243885523203  0.0100535746795093  0.0033645746038731 -0.0100401970012333
  3---  0.0066608567024368  0.0140676482885186  0.0067170696099502 -0.0140408934291024
  4---  0.0099993200332049  0.0170842015768354  0.0100675689697143 -0.0170440700343462
  5---  0.0133388212345082  0.0195821988198129  0.0134170313902657 -0.0195286910895240
  6---  0.0166789877735652  0.0217471845709153  0.0167658266104184 -0.0216803011536874
  7---  0.0200196311243999  0.0236743372375003  0.0201141468814385 -0.0235940786267446
  8---  0.0233606372240542  0.0254202108300254  0.0234621044036390 -0.0253265775228779
  9---  0.0267019323314607  0.0270216666295692  0.0268097729180873 -0.0269146591231658
 10---  0.0300434652014142  0.0285043197045855  0.0301572036699885 -0.0283839384960621
 11---  0.0333851966400913  0.0298868293287140  0.0335044321278759 -0.0297530749226544
 12---  0.0367271040289509  0.0311832933511915  0.0368514920861614 -0.0310361662298361
 13---  0.0400691579960537  0.0324046677265461  0.0401983980156231 -0.0322441684019259
 14---  0.0434113485337468  0.0335596774324555  0.0435451748250750 -0.0333858063868119
 15---  0.0467536540318994  0.0346553985090097  0.0468918292234869 -0.0344681562543726
 16---  0.0500960702496651  0.0356976733342192  0.0502383803528664 -0.0354970603528312
 17---  0.0534385799624116  0.0366913858614109  0.0535848305366843 -0.0364774026653009
 18---  0.0567811786105185  0.0376406757560364  0.0569311917851419 -0.0374133228423396
 19---  0.0601238628267658  0.0385490867001552  0.0602774749160396 -0.0383083645511160
 20---  0.0634666227605007  0.0394196789694652  0.0636236823294499 -0.0391655880822200
 21---  0.0668094456250015  0.0402551183813046  0.0669698119109329 -0.0399876592827701
 22---  0.0701523416257981  0.0410577506992668  0.0703158832572814 -0.0407769238567983
 23---  0.0734952991718988  0.0418296441441621  0.0736618930583258 -0.0415354500548960
 24---  0.0768383145776111  0.0425726397088193  0.0770078449997585 -0.0422650788698921
 25---  0.0801813770992013  0.0432883821966541  0.0803537349241523 -0.0429674551349782
 26---  0.0835244986685370  0.0439783546307693  0.0836995807019617 -0.0436440618137043
 27---  0.0868676691623130  0.0446438917717115  0.0870453775553307 -0.0442962336963939
 28---  0.0902108787056016  0.0452862042650099  0.0903911204580260 -0.0449251814583486
 29---  0.0935541399836903  0.0459063986469271  0.0937368265270824 -0.0455320115762851
 30---  0.0968974435286821  0.0465054821767195  0.0970824903292357 -0.0461177313392333
 31---  0.1002407874877267  0.0470843799574237  0.1004281137173362 -0.0466832658502298
 32---  0.1035841627078157  0.0476439419128154  0.1037736909432311 -0.0472294650628183
 33---  0.1069275825118394  0.0481849559973037  0.1071192384863524 -0.0477571168718709
 34---  0.1102710379955820  0.0487081478318464  0.1104647503497550 -0.0482669469281143
 35---  0.1136145203594420  0.0492141907717503  0.1138102204318788 -0.0487596286166201
 36---  0.1169580432432033  0.0497037144507263  0.1171556648952626 -0.0492357915115687
 37---  0.1203015980265082  0.0501773026777069  0.1205010774591027 -0.0496960194516585
 38---  0.1236451836140871  0.0506355020626916  0.1238464592186690 -0.0501408590468889
 39---  0.1269887989802506  0.0510788244574514  0.1271918111996505 -0.0505708221490309
 40---  0.1303324357138155  0.0515077491803876  0.1305371269120695 -0.0509863881062450
 41---  0.1336761003586007  0.0519227286988808  0.1338824147132682 -0.0513880093561502
 42---  0.1370198069601971  0.0523241899321876  0.1372276903599781 -0.0517761127584897
 43---  0.1403635249193607  0.0527125303778798  0.1405729248467983 -0.0521510959298647
 44---  0.1437072683740491  0.0530881308218002  0.1439181338380938 -0.0525133395966025
 45---  0.1470510515033841  0.0534513514908558  0.1472633329570651 -0.0528632039261024
 46---  0.1503948438299301  0.0538025290475212  0.1506084930765030 -0.0532010256998558
 47---  0.1537386745031367  0.0541419892195085  0.1539536446516026 -0.0535271305265627
 48---  0.1570825131118458  0.0544700355714314  0.1572987584888774 -0.0538418220898444
 49---  0.1604263739692133  0.0547869613952185  0.1606438500774938 -0.0541453936221246
 50---  0.1637702714163723  0.0550930460125735  0.1639889348786412 -0.0544381243856110
 51---  0.1671141751245055  0.0553885518724793  0.1673339836164918 -0.0547202769482807
 52---  0.1704580994841859  0.0556737336110445  0.1706790117027953 -0.0549921058867441
 53---  0.1738020589086371  0.0559488345551918  0.1740240345266504 -0.0552538544684345
 54---  0.1771460231354756  0.0562140839855087  0.1773690227457957 -0.0555057520929204
 55---  0.1804900066181243  0.0564697051597906  0.1807139917091310 -0.0557480219585057
 56---  0.1838340238285900  0.0567159120581266  0.1840589567469715 -0.0559808779857964
 57---  0.1871780445587974  0.0569529068502544  0.1874038884627480 -0.0562045224634984
 58---  0.1905220833138489  0.0571808869958624  0.1907488021536804 -0.0564191527918149
 59---  0.1938661546142779  0.0574000422519729  0.1940937131015577 -0.0566249586682919
 60---  0.1972102282969304  0.0576105523664534  0.1974385918648891 -0.0568221199597517
 61---  0.2005543338093743  0.0578125942254108  0.2007834686007514 -0.0570108134333509
 62---  0.2038984410142088  0.0580063347241415  0.2041283138419008 -0.0571912061033316
 63---  0.2072425644842752  0.0581919375132279  0.2074731428178183 -0.0573634615608024
 64---  0.2105867188040041  0.0583695604596419  0.2108179707463956 -0.0575277376132699
 65---  0.2139308738695032  0.0585393537375012  0.2141627681268805 -0.0576841845537844
 66---  0.2172750442859605  0.0587014648559721  0.2175075501564070 -0.0578329498320447
 67---  0.2206192446684481  0.0588560363922950  0.2208523320222258 -0.0579741759658330
 68---  0.2239634449415287  0.0590032043232768  0.2241970841951290 -0.0581079990508750
 69---  0.2273076597379978  0.0591431023836676  0.2275418218446438 -0.0582345527624604
 70---  0.2306519036991525  0.0592758600665437  0.2308865601317954 -0.0583539665342135
 71---  0.2339961467739227  0.0594016011930301  0.2342312695030091 -0.0584663643061652
 72---  0.2373404185190753  0.0595204481604641  0.2375759800061628 -0.0585718683567515
 73---  0.2406846888978910  0.0596325176319820  0.2409206620733310 -0.0586705954680055
 74---  0.2440289725809707  0.0597379244832690  0.2442653308362351 -0.0587626604561630
 75---  0.2473732842456439  0.0598367802335315  0.2476100014198682 -0.0588481747809895
 76---  0.2507175789738820  0.0599291916040589  0.2509546293352916 -0.0589272453420968
 77---  0.2540619310569379  0.0600152656526310  0.2542992893028644 -0.0589999789000696
 78---  0.2574062657872716  0.0600951026293030  0.2576439070185145 -0.0590664760021536
 79---  0.2607506127659685  0.0601688028268839  0.2609885124858015 -0.0591268368222809
 80---  0.2640949717984311  0.0602364631445024  0.2643331058993228 -0.0591811582595801
 81---  0.2674393426950600  0.0602981779892163  0.2676776874486778 -0.0592295347211089
 82---  0.2707837550725918  0.0603540398485327  0.2710222871217747 -0.0592720585755241
 83---  0.2741281491478531  0.0604041374465725  0.2743668454924973 -0.0593088187846519
 84---  0.2774725545465102  0.0604485588193146  0.2777113925398240 -0.0593399032656162
 85---  0.2808169710970498  0.0604873893572149  0.2810559284352683 -0.0593653974088732
 86---  0.2841613986320539  0.0605207124093262  0.2844004533462481 -0.0593853845634753
 87---  0.2875058369880471  0.0605486093594515  0.2877449674362388 -0.0593999461132257
 88---  0.2908503158074791  0.0605711598756786  0.2910895006674355 -0.0594091616073884
 89---  0.2941947753301724  0.0605884412228107  0.2944339935907260 -0.0594131085484187
 90---  0.2975392452056743  0.0606005295319574  0.2977784761612080 -0.0594118629485979
 91---  0.3008810222938347  0.0585872408623538  0.3011256515190315 -0.0614257462681418
 92---  0.3042255127454407  0.0585893147321926  0.3044701135134094 -0.0614141859239847
 93---  0.3075700431390287  0.0585864132742858  0.3078145951704501 -0.0613976506389642
 94---  0.3109145537268263  0.0585786059957805  0.3111590370286363 -0.0613762101632048
 95---  0.3142590741716734  0.0585659608676358  0.3145034690297732 -0.0613499323461746
 96---  0.3176036043368547  0.0585485444324752  0.3178478913105757 -0.0613188837304971
 97---  0.3209481440885005  0.0585264218465633  0.3211923040049138 -0.0612831294724370
 98---  0.3242926932954970  0.0584996569234343  0.3245367072439012 -0.0612427333855282
 99---  0.3276372816324983  0.0584683118759682  0.3278811309575286 -0.0611977575611919
100---  0.3309818493675381  0.0584324485142305  0.3312255156684726 -0.0611482640524162
101---  0.3343264261802891  0.0583921266066940  0.3345698913017056 -0.0610943125062104
102---  0.3376710119498466  0.0583474049935161  0.3379142579781320 -0.0610359617627320
103---  0.3410156065576726  0.0582983413621345  0.3412586158162898 -0.0609732695094183
104---  0.3443602396910214  0.0582449917860198  0.3446029947335696 -0.0609062916983035
105---  0.3477048516289765  0.0581874126961238  0.3479473352415984 -0.0608350850032172
106---  0.3510494720631205  0.0581256580580672  0.3512916672534384 -0.0607597032683389
107---  0.3543941008837319  0.0580597812650612  0.3546359908788109 -0.0606801998868799
108---  0.3577387379831447  0.0579898347092712  0.3579803062253820 -0.0605966272510053
109---  0.3610833832556938  0.0579158698083944  0.3613246133988167 -0.0605090367784127
110---  0.3644280664015990  0.0578379363191510  0.3646689423035401 -0.0604174781044127
111---  0.3677727277112405  0.0577560851749416  0.3680132334398826 -0.0603220024052292
112---  0.3711173968885155  0.0576703643418998  0.3713575167085914 -0.0602226575255819
113---  0.3744620738352611  0.0575808215843428  0.3747017922078297 -0.0601194912297881
114---  0.3778067584550742  0.0574875038095024  0.3780460600340005 -0.0600125504250795
115---  0.3811514804575497  0.0573904562069915  0.3813903500821537 -0.0599018801796821
116---  0.3844961801411844  0.0572897257610977  0.3847346028445029 -0.0597875277206619
117---  0.3878408872188202  0.0571853560806588  0.3880788482128509 -0.0596695365354651
118---  0.3911856016006855  0.0570773908437940  0.3914230862769695 -0.0595479503022111
119---  0.3945303231985721  0.0569658729673581  0.3947673171250669 -0.0594228119377545
120---  0.3978750519258001  0.0568508446239484  0.3981115408438227 -0.0592941636146928
121---  0.4012198175018509  0.0567323461870180  0.4014557873184005 -0.0591620455851194
122---  0.4045645602337312  0.0566104205012754  0.4047999970325041 -0.0590265009364666
123---  0.4079093098437538  0.0564851065617931  0.4081441998684655 -0.0588875685424426
124---  0.4112540662510290  0.0563564437218112  0.4114883959071741 -0.0587452877562877
125---  0.4145988293760396  0.0562244706662908  0.4148325852281474 -0.0585996972629628
126---  0.4179436289455803  0.0560892242058553  0.4181767977092354 -0.0584508337517545
127---  0.4212884052729192  0.0559507441397131  0.4215209738278803 -0.0582987372645496
128---  0.4246331880874018  0.0558090660368226  0.4248651434593816 -0.0581434432489652
129---  0.4279779773147316  0.0556642260399272  0.4282093066780358 -0.0579849878477443
130---  0.4313227728818546  0.0555162596866604  0.4315534635568967 -0.0578234065985206
131---  0.4346675747169362  0.0553652019208776  0.4348976141677989 -0.0576587344451497
132---  0.4380124125546453  0.0552110857167743  0.4382417883807184 -0.0574910042405170
133---  0.4413572267149606  0.0550539476099513  0.4415859266663870 -0.0573202527628476
134---  0.4447020469348252  0.0548938194673499  0.4449300588925063 -0.0571465117577684
135---  0.4480468731470645  0.0547307339634397  0.4482741851262509 -0.0569698138997489
136---  0.4513917052856180  0.0545647232300153  0.4516183054336814 -0.0567901913205839
137---  0.4547365730910927  0.0543958173475188  0.4549624496788353 -0.0566076739794283
138---  0.4580814168885078  0.0542240504001428  0.4583065583274041 -0.0564222962030535
139---  0.4614262664205544  0.0540494514534832  0.4616506612413414 -0.0562340869357636
140---  0.4647711216254458  0.0538720505577828  0.4649947584824339 -0.0560430762278016
141---  0.4681159824424204  0.0536918772637527  0.4683388501114431 -0.0558492936298785
142---  0.4714608488117265  0.0535089606303811  0.4716829361881210 -0.0556527682009825
143---  0.4748057504804779  0.0533233275663358  0.4750270465699982 -0.0554535267285215
144---  0.4781506277791990  0.0531350094780931  0.4783711217172610 -0.0552516008614962
145---  0.4814955104568980  0.0529440323517855  0.4817151914855458 -0.0550470164647746
146---  0.4848403984577097  0.0527504233527524  0.4850592559307180 -0.0548398007036961
147---  0.4881852917267050  0.0525542091901059  0.4884033151077066 -0.0546299802873728
148---  0.4915301902098779  0.0523554161231822  0.4917473690705176 -0.0544175814751409
149---  0.4948751236602862  0.0521540681623186  0.4950914476707379 -0.0542026281561050
150---  0.4982200324134692  0.0519501942744138  0.4984354913635389 -0.0539851495396338
151---  0.5015649760304660  0.0517438157733241  0.5017795597971707 -0.0537651666971226
152---  0.5049098948483937  0.0515349608581451  0.5051235934252269 -0.0535427080701190
153---  0.5082548186238744  0.0513236518015576  0.5084676220957300 -0.0533177958100754
154---  0.5115997473081827  0.0511099122891696  0.5118116458574057 -0.0530904536026000
155---  0.5149446808534328  0.0508937655968417  0.5151556647581395 -0.0528607047235533
156---  0.5182896192125694  0.0506752345957490  0.5184996788449867 -0.0526285720441104
157---  0.5216345623393571  0.0504543417572967  0.5218436881641829 -0.0523940780356765
158---  0.5249795101883701  0.0502311091578940  0.5251876927611538 -0.0521572447746608
159---  0.5283244627149832  0.0500055584835913  0.5285316926805246 -0.0519180939471138
160---  0.5316694198753623  0.0497777110345861  0.5318756879661294 -0.0516766468532329
161---  0.5350143816264552  0.0495475877296007  0.5352196786610204 -0.0514329244117403
162---  0.5383594075394021  0.0493152049487509  0.5385637244033469 -0.0511869427604043
163---  0.5417043783459305  0.0490805911435714  0.5419077060428024 -0.0509387308354640
164---  0.5450493536186212  0.0488437619920396  0.5452516832160956 -0.0506883040725399
165---  0.5483943333174642  0.0486047369283549  0.5485956559632365 -0.0504356819058316
166---  0.5517393174031908  0.0483635350253700  0.5519396243234937 -0.0501808834081917
167---  0.5550843058372642  0.0481201749982904  0.5552835883354043 -0.0499239272948257
168---  0.5584292985818735  0.0478746752082743  0.5586275480367788 -0.0496648319268919
169---  0.5617742955999254  0.0476270536659363  0.5619715034647108 -0.0494036153150047
170---  0.5651192968550380  0.0473773280347560  0.5653154546555821 -0.0491402951226438
171---  0.5684643023115332  0.0471255156343972  0.5686594016450708 -0.0488748886694732
172---  0.5718093119344303  0.0468716334439391  0.5720033444681576 -0.0486074129345717
173---  0.5751543853037008  0.0466156935255906  0.5753473427541606 -0.0483378797379005
174---  0.5784994031572899  0.0463577213093230  0.5786912773465553 -0.0480663149939358
175---  0.5818444250764585  0.0460977282280186  0.5820352078733706 -0.0477927298933030
176---  0.5851894510289521  0.0458357299290634  0.5853791343668608 -0.0475171400833881
177---  0.5885344809831825  0.0455717417341930  0.5887230568586144 -0.0472395608859265
178---  0.5918795149082222  0.0453057786422525  0.5920669753795585 -0.0469600072997635
179---  0.5952245527737989  0.0450378553318873  0.5954108899599657 -0.0466784940035443
180---  0.5985695945502900  0.0447679861641648  0.5987548006294585 -0.0463950353583365
181---  0.6019146402087169  0.0444961851851313  0.6020987074170155 -0.0461096454101862
182---  0.6052596897207405  0.0442224661283043  0.6054426103509758 -0.0458223378926111
183---  0.6086047430586558  0.0439468424171035  0.6087865094590444 -0.0455331262290308
184---  0.6119498598104179  0.0436693222046163  0.6121304643625557 -0.0452420183303843
185---  0.6152949207195797  0.0433899281929610  0.6154743558993778 -0.0449490373830959
186---  0.6186399853752730  0.0431086679602420  0.6188182436896684 -0.0446541907231122
187---  0.6219850537522810  0.0428255537126157  0.6221621277586443 -0.0443574905565900
188---  0.6253301258259975  0.0425405973574296  0.6255060081309117 -0.0440589487908765
189---  0.6286752015724222  0.0422538105053179  0.6288498848304709 -0.0437585770366060
190---  0.6320202809681570  0.0419652044722485  0.6321937578807200 -0.0434563866097465
191---  0.6353653639904018  0.0416747902815202  0.6355376273044591 -0.0431523885335968
192---  0.6387104506169496  0.0413825786657135  0.6388814931238951 -0.0428465935407372
193---  0.6420555408261838  0.0410885800685947  0.6422253553606448 -0.0425390120749341
194---  0.6454006345970731  0.0407928046469759  0.6455692140357394 -0.0422296542929996
195---  0.6487457319091686  0.0404952622725319  0.6489130691696278 -0.0419185300666086
196---  0.6520908923584072  0.0401959571839049  0.6522569803756626 -0.0416056433923634
197---  0.6554359966939399  0.0398949093560441  0.6556008284861138 -0.0412910147293018
198---  0.6587811045127869  0.0395921224972576  0.6589446731132507 -0.0409746475436831
199---  0.6621262157967911  0.0392876053560071  0.6622885142752304 -0.0406565505839691
200---  0.6654713305283597  0.0389813664040919  0.6656323519896457 -0.0403367323219590
201---  0.6688164486904609  0.0386734138382299  0.6689761862735284 -0.0400152009543707
202---  0.6721615702666205  0.0383637555816030  0.6723200171433527 -0.0396919644043861
203---  0.6755066952409190  0.0380523992853684  0.6756638446150380 -0.0393670303231624
204---  0.6788518235979886  0.0377393523301360  0.6790076687039523 -0.0390404060913095
205---  0.6821969553230095  0.0374246218274129  0.6823514894249153 -0.0387120988203346
206---  0.6855420904017077  0.0371082146210165  0.6856953067922010 -0.0383821153540549
207---  0.6888872884368274  0.0367901316048953  0.6890391804123547 -0.0380504563444791
208---  0.6922324301822843  0.0364703904291270  0.6923829911128817 -0.0377171399255739
209---  0.6955775752418399  0.0361489914887731  0.6957267984993100 -0.0373821662504516
210---  0.6989227236033735  0.0358259405704085  0.6990706025837603 -0.0370455411056873
211---  0.7022678752552961  0.0355012431995341  0.7024144033778216 -0.0367072700167817
212---  0.7056130301865472  0.0351749046418159  0.7057582008925544 -0.0363673582494011
213---  0.7089581883865933  0.0348469299042972  0.7091019951384921 -0.0360258108105885
214---  0.7123033498454241  0.0345173237365858  0.7124457861256452 -0.0356826324499519
215---  0.7156485145535513  0.0341860906320152  0.7157895738635019 -0.0353378276608246
216---  0.7189936825020050  0.0338532348287826  0.7191333583610321 -0.0349914006814039
217---  0.7223388536823325  0.0335187603110618  0.7224771396266885 -0.0346433554958637
218---  0.7256840877037115  0.0331826648059983  0.7258209772605829 -0.0342936895895090
219---  0.7290292653245400  0.0328449637724699  0.7291647520857383 -0.0339424189049075
220---  0.7323744461549604  0.0325056544636840  0.7325085237013018 -0.0335895404534171
221---  0.7357196301885636  0.0321647398583987  0.7358522921136825 -0.0332350572137959
222---  0.7390648174194463  0.0318222226865812  0.7391960573287837 -0.0328789719160111
223---  0.7424100078422083  0.0314781054303901  0.7425398193520055 -0.0325212870422214
224---  0.7457552014519514  0.0311323903251389  0.7458835781882464 -0.0321620048277401
225---  0.7491003982442762  0.0307850793602397  0.7492273338419054 -0.0318011272619795
226---  0.7524455982152812  0.0304361742801277  0.7525710863168843 -0.0314386560893746
227---  0.7557908013615601  0.0300856765851675  0.7559148356165893 -0.0310745928102902
228---  0.7591360076802004  0.0297335875325418  0.7592585817439329 -0.0307089386819089
229---  0.7624812767865224  0.0293799018197449  0.7626023842928843 -0.0303416881599843
230---  0.7658264894431694  0.0290246328266187  0.7659461240822212 -0.0299728551078488
231---  0.7691717052663836  0.0286677747969092  0.7692898607049909 -0.0296024335274986
232---  0.7725169242552082  0.0283093280236024  0.7726335941621502 -0.0292304237119197
233---  0.7758621464091719  0.0279492925606878  0.7759773244541703 -0.0288568257151016
234---  0.7792073717282859  0.0275876682239472  0.7793210515810403 -0.0284816393528261
235---  0.7825526002130430  0.0272244545917282  0.7826647755422671 -0.0281048642034409
236---  0.7858978318644153  0.0268596510057030  0.7860084963368786 -0.0277264996086181
237---  0.7892430666838535  0.0264932565716128  0.7893522139634244 -0.0273465446740989
238---  0.7925883046732843  0.0261252701599975  0.7926959284199774 -0.0269649982704231
239---  0.7959335458351099  0.0257556904069123  0.7960396397041357 -0.0265818590336461
240---  0.7992788497905678  0.0253845090853993  0.7993834074039512 -0.0261971184951690
241---  0.8026240973063378  0.0250117375946253  0.8027271123341652 -0.0258107885374495
242---  0.8059693480045430  0.0246373672705598  0.8060708140819438 -0.0254228602548071
243---  0.8093146018894709  0.0242613958182106  0.8094145126429998 -0.0250333313522496
244---  0.8126598589658759  0.0238838207114845  0.8127582080125787 -0.0246421993036838
245---  0.8160051192389791  0.0235046391938277  0.8161019001854594 -0.0242494613525560
246---  0.8193503827144665  0.0231238482788530  0.8194455891559559 -0.0238551145124788
247---  0.8226956493984875  0.0227414447509558  0.8227892749179188 -0.0234591555678478
248---  0.8260409192976540  0.0223574251659198  0.8261329574647361 -0.0230615810744467
249---  0.8293861924190388  0.0219717858515104  0.8294766367893353 -0.0226623873600407
250---  0.8327314687701745  0.0215845229080582  0.8328203128841835 -0.0222615705249605
251---  0.8360768079780431  0.0211956252637618  0.8361640453315883 -0.0218591192558634
252---  0.8394220908131687  0.0208051024272017  0.8395077149424466 -0.0214550435444216
253---  0.8427673769033889  0.0204129429035728  0.8428513812982102 -0.0210493316542796
254---  0.8461126662580629  0.0200191418890869  0.8461950443895201 -0.0206419787816493
255---  0.8494579588870038  0.0196236943552836  0.8495387042065631 -0.0202329798980701
256---  0.8528032548004769  0.0192265950495534  0.8528823607390739 -0.0198223297509328
257---  0.8561485540091991  0.0188278384956524  0.8562260139763356 -0.0194100228639932
258---  0.8594938565243376  0.0184274189942069  0.8595696639071809 -0.0189960535378776
259---  0.8628391623575090  0.0180253306232097  0.8629133105199934 -0.0185804158505791
260---  0.8661844715207778  0.0176215672385084  0.8662569538027085 -0.0181631036579450
261---  0.8695297840266556  0.0172161224742835  0.8696005937428146 -0.0177441105941560
262---  0.8728751595077390  0.0168089824725936  0.8729442899170047 -0.0173234225598288
263---  0.8762204787382135  0.0164001549372788  0.8762879231325140 -0.0169010477416961
264---  0.8795658013515050  0.0159896255995254  0.8796315529652065 -0.0164769716294935
265---  0.8829111273619030  0.0155773872114730  0.8829751794007923 -0.0160511869753605
266---  0.8862564567841398  0.0151634323058698  0.8863188024245394 -0.0156236863120452
267---  0.8896017896333884  0.0147477531965043  0.8896624220212747 -0.0151944619533364
268---  0.8929471259252622  0.0143303419786306  0.8930060381753848 -0.0147635059944878
269---  0.8962924656758136  0.0139111905293853  0.8963496508708173 -0.0143308103126363
270---  0.8996378089015334  0.0134902905081983  0.8996932600910813 -0.0138963665672118
271---  0.9029831556193501  0.0130676333571968  0.9030368658192486 -0.0134601662003413
272---  0.9063285058466284  0.0126432103016016  0.9063804680379541 -0.0130222004372458
273---  0.9096739192214843  0.0122170047386254  0.9097241263183716 -0.0125824524337958
274---  0.9130192765215857  0.0117890226519477  0.9130677214642542 -0.0121409286563641
275---  0.9163646373858541  0.0113592470386046  0.9164113130459697 -0.0116976118606356
276---  0.9197100018333920  0.0109276682600290  0.9197549010444156 -0.0112524924080432
277---  0.9230553698837344  0.0104942764626361  0.9230984854400571 -0.0108055604450021
278---  0.9264007415568473  0.0100590615781832  0.9264420662129281 -0.0103568059032695
279---  0.9297461168731277  0.0096220133241230  0.9297856433426316 -0.0099062185002984
280---  0.9330914958534026  0.0091831212039516  0.9331292168083406 -0.0094537877395847
281---  0.9364368785189279  0.0087423745075507  0.9364727865887992 -0.0089995029110100
282---  0.9397822648913881  0.0082997623115242  0.9398163526623229 -0.0085433530911783
283---  0.9431276549928952  0.0078552734795293  0.9431599150067996 -0.0080853271437470
284---  0.9464731084670203  0.0074088886904650  0.9465035331879480 -0.0076254055063723
285---  0.9498185060947316  0.0069606122933880  0.9498470880062205 -0.0071635930106051
286---  0.9531639075203849  0.0065104245766598  0.9531906390265511 -0.0066998697035553
287---  0.9565093127677954  0.0060583135553578  0.9565341862251245 -0.0062342236003003
288---  0.9598547218612024  0.0056042670331925  0.9598777295777015 -0.0057666425045506
289---  0.9632001348252685  0.0051482726028084  0.9632212690596192 -0.0052971140089508
290---  0.9665455516850792  0.0046903176460809  0.9665648046457924 -0.0048256254953761
291---  0.9698909724661415  0.0042303893344075  0.9699083363107139 -0.0043521641352242
292---  0.9732363971943845  0.0037684746289959  0.9732518640284549 -0.0038767168897027
293---  0.9765818258961572  0.0033045602811461  0.9765953877726661 -0.0033992705101116
294---  0.9799272585982289  0.0028386328325295  0.9799389075165782 -0.0029198115381222
295---  0.9832727549495874  0.0023706702575249  0.9832824828204931 -0.0024383177069708
296---  0.9866181957343151  0.0019006753587465  0.9866259944817494 -0.0019547923015660
297---  0.9899636406021644  0.0014286257289101  0.9899695020598840 -0.0014692126734718
298---  0.9933090895815786  0.0009545070738683  0.9933130055264536 -0.0009815645285408
299---  0.9966545427014178  0.0004783048911750  0.9966565048525983 -0.0004918333643269
300---  1.0000000000000000  0.0000000000000000  1.0000000000000000  0.0000000000000000
